300
143
257
315
64
257
235
471
429
171
608
51
190
101
124
58
401
249
592
249
248
464
608
598
101
121
191
464
51
248
311
400
466
429
366
248
55
121
577
409
366
43
43
119
429
394
91
571
378
131
101
64
335
143
270
58
248
18
35
423
592
121
311
121
121
378
121
119
64
62
121
492
172
104
176
526
429
121
121
256
140
18
142
608
98
423
121
394
143
194
608
64
429
493
121
92
394
423
62
121
121
331
121
190
121
9
121
248
446
214
121
121
56
378
142
608
64
448
486
57
383
121
64
424
227
470
245
140
18
90
142
121
249
121
9
100
121
121
121
423
9
121
64
121
121
396
176
121
523
468
125
64
300
100
608
105
517
80
620
121
44
44
258
249
121
448
471
331
100
121
626
274
104
58
571
64
448
98
104
98
64
572
124
454
9
620
448
121
121
142
224
378
176
35
143
359
111
214
176
313
121
290
121
121
121
43
121
320
448
101
448
